Nokia Lumia 925 2000 4.5 7490000
Nokua Luima 720 2000 4.3 5490000
Nokia 625 2000 4.7 4190000
Nokia Lumia 930 2420 5.0 12990000
Nokia Xl 2000 5.0 3700000
Nokia Lumia 1520 6.0 9990000
Nokia Lumia 1520 1200 2.4 3500000
Nokia Lumia 630 1830 5.0 7990000
Nokia 630 2200 4.5 3290000
Nokia X2 1800 4.3 2990000
Nokia Lumia 1320 3400 6.0 59900000
Nokia Lumia 730 2200 4.7 5490000
Nokia Lumia 525 1430 4.0 2790000
Nokia X+ 1500 4.0 2490000
Nokia X 1500 4.0 2190000
Nokia Lumia 530 1430 4.0 1990000
Nokia 301 1200 2.4 700000
Nokia 20 1200 2.4 1300000
Nokia 225 1200 2.8 1300000
Nokia 220 1100 2.4 1000000
Nokia 108 950 1.8 750000
Nokia 130 1020 1.8 670000
Nokia 107 1020 1.8 650000
Nokia 106 800 1.8 500000
Nokia 105 800 1.4 420000
